7018
7019
7020
7021
7022
7023
7026
7027
7028
7029
7030
7031
7033
7034
7035
7036
7037
7038
7040
7041
7042
7043
7044
7046
7047
7048
7049
7050
7051
7052
7053
7054
7055
7056
7058
7059
7060
7061
7062
7063
7064
7065
7066
7067
7068
7069
7070
7071
7072
7073
7074
7075
7076
7077
7078
7079
7080
7081
7082
7083
7084
7085
7086
7087
7088
7089
7090
7091
7092
7093
7094
7095
7096
7097
7098
7099
7100
7101
7102
7103
7104
7105
7106
7107
7108
7109
7110
7111
7112
7113
7114
7115
7116
7117
7118
7119
7120
7121
7122
7123
7124
7125
7126
7127
7128
7129
7130
7131
7132
7133
7134
7135
7136
7137
7138
7139
7140
7141
7142
7143
7144
7145
7146
7147
7148
7149
7150
7151
7152
7153
7201
7202
7203
7204
7205
7206
7207
7208
7209
7210
7211
7212
7213
7214
7215
7216
7217
7218
7219
7220
7221
7222
7223
7224
7225
7227
7229
7230
7231
7232
7236
7237
7238
7242
7243
7244
7251
7252
7253
7254
7255
7256
7257
7258
7261
7262
7263
7267
7268
7269
7273
7274
7275
7276
7277
7278
7279
7284
7285
7286
7287
7288
7299
7301
7302
7303
7304
7305
7306
7307
7308
7309
7310
7311
7312
7313
7314
7315
7316
7317
7318
7331
7332
7333
7334
7335
7336
7337
7341
7342
7343
7345
7346
7347
7350
7351
7352
7353
7365
7366
7367
7368
7369
7370
7371
7372
7401
7402
7403
7404
7405
7406
7407
7408
7409
7410
7411
7412
7413
7414
7415
7416
7418
7419
7420
7421
7422
7423
7424
7425
7426
7427
7428
7429
7430
7431
7432
7444
7445
7446
7447
7448
7449
7450
7451
7452
7453
7454
7455
7456
7457
7458
7459
7460
7461
7462
7463
7464
7465
7466
7467
7468
7469
7472
7473
7474
7475
7476
7477
7478
7479
7480
7482
7484
7486
7487
7488
7489
7491
7491
7492
7493
7494
7495
7496
7497
7498
7499
7500
7601
7602
7603
7604
7605
7606
7607
7608
7609
7610
7611
7612
7613
7622
7901
7902
7905
7911
7912
7913
7914